0000000000000000
0011000000000010
0001000000000000
0010000001100101
0001000000000000
0110000000000000
0111000000000000
0010000010010111
1001000000000000
0010000010010110
1010000000000000
1011000000000000
0010000010100010
0010000011000111
0010000010010110
1001000000000000
1000000000000000
0010000010011000
1010000000000000
0010000010011100
1100000000000000
1010000000000000
1011000000000000
0010000011000010
0010000010011010
1001000000000000
0010000010011011
1010000000000000
0010000010111100
1101000000000000
0010000010010110
0010000011000111
0100000000000000
0101000000000000
0000000000000101
0111000000000000
0010000010010111
1001000000000000
1000000000000000
0010000010011000
1010000000000000
1010000000000000
1110000000000000
1011000000000000
